platform 270 600 120 30
wall 270 -100 0 0
wall 270 -800 0 0

platform 390 600 500 30

platform 1100 690 75 30
coin 1130 650 20 20

platform 1350 600 300 30
enemy 1400 555 3 10 10

platform 1800 690 75 30
coin 1830 650 20 20

platform 2100 600 500 30
powerBlock 2250 450 50 50

platformLowest 2550 1300 600 30
block 2650 1250 20 20
block 2750 1200 20 20
block 2850 1250 20 20
coin 2950 1250 20 20
coin 2950 1200 20 20
coin 3050 1250 20 20
coin 3050 1200 20 20
heart 2995 1225 30 30
arrow 2460 1160 90 0

platform 2900 600 600 30
itemBlock 3200 450 50 50
sword 3000 500 25 65
invin 3400 540 30 30 

platform 3600 450 2000 30
enemy 3700 430 4 5 5
enemy 4000 430 10 5 5
enemy 4400 405 3 10 15
enemy 4900 430 6 3 5
enemy 5100 405 2 10 20
enemy 5300 405 4 15 15

This is for after the enemy platform below:
platform 5800 450 100 30

platform 6000 350 350 30
heart 6050 320 30 30
block 6100 320 20 20
heart 6150 320 30 30
block 6200 320 20 20
heart 6250 320 30 30
block 6300 320 20 20
arrow 6450 300 70 0

This is for up the platforms above the enemies:
platform 3800 250 200 30
block 3890 200 20 20

platform 4100 100 200 30
block 4190 50 20 20

platform 4450 -50 300 30
enemy 4500 -70 2 5 10
block 4500 -80 20 20

platform 4900 -250 300 30
block 5000 -300 20 20
arrow 5250 -280 0 0 

platform 7000 -400 200 30

up:
platform 7400 -550 75 30

platform 7600 -700 75 30

platform 7800 -850 75 30

platform 8000 -900 300 30
itemBlock 8250 -1050 50 50
arrow 8350 -950 180 0

down:
platform 7400 -250 75 30

platform 7600 -100 75 30

platform 7800 50 75 30

platform 8000 200 400 30
heart 8200 0 30 30
heart 8250 0 30 30
heart 8300 0 30 30
sword 8300 100 25 65

platform 8600 300 1200 30
boss 8800 235 3 15 70

platform 9800 300 150 30
wall 9800 -400 0 0
wall 9800 -1100 0 0

platform 9950 300 300 30
door 10000 175 0 0 


