platform 50 500 150 30
wall -10000 -10000 0 0
wall -10000 -10000 0 0
arrow 50 300 0 0
arrow 50 400 0 0

platform 200 500 8000 30 
sword 300 400 25 65
sword 400 400 25 65
enemy 1100 450 2 8 5
enemy 1150 300 2 10 5
enemy 1200 400 3 5 5
enemy 1310 350 2 10 5
enemy 1350 425 3 20 5 
enemy 1370 245 2 5 5
enemy 1380 450 6 10 5
enemy 1450 200 2 6 5
enemy 1500 400 3 5 5
enemy 1600 311 2 15 5
enemy 1650 425 4 5 5
enemy 1724 450 3 15 5
enemy 1750 300 3 5 5
enemy 1809 400 2 15 5
enemy 1900 350 3 10 5
enemy 1950 425 2 5 5 
-
heart 2000 420 30 30
heart 2000 450 30 30
heart 2050 420 30 30
heart 2050 450 30 30
sword 2100 400 25 65
-
enemy 2100 450 4 8 5
enemy 2050 250 2 5 5
enemy 2100 400 3 15 5
enemy 2200 350 2 10 5
enemy 2250 425 2 6 5
enemy 2350 450 2 18 5
enemy 2550 300 2 5 5
enemy 2500 400 3 15 5
enemy 2570 350 2 10 5
enemy 2650 425 3 5 5 
enemy 2670 245 2 5 5
enemy 2880 450 6 18 5
enemy 2850 200 2 16 5
enemy 2900 400 3 5 5
enemy 3000 311 2 10 5
enemy 3050 425 4 5 5
enemy 3124 450 3 18 5
enemy 3150 300 3 5 5
enemy 3209 400 2 5 5
enemy 3200 350 3 10 5
-
heart 3250 420 30 30
heart 3250 450 30 30
heart 3300 450 30 30 
heart 3200 420 30 30
-
enemy 3250 425 2 5 5 
enemy 3350 450 4 8 5
enemy 3450 250 2 15 5
enemy 3600 400 3 5 5
enemy 3640 350 2 10 5
enemy 3750 425 2 6 5
enemy 3900 400 3 5 5
enemy 4000 311 2 10 5
enemy 4050 425 4 5 5
enemy 4024 450 3 10 5
enemy 4150 300 3 5 5
enemy 4209 400 2 10 5
enemy 4200 350 3 10 5
enemy 4350 425 2 5 5 
enemy 4400 450 4 8 5
enemy 4450 250 2 5 5
enemy 4500 400 3 15 5
enemy 4540 350 2 10 5
enemy 4605 425 2 6 5
-
heart 5050 450 30 30
heart 5050 420 30 30
sword 5100 400 25 65
-------------
enemy 9100 450 2 8 5
enemy 9150 300 2 5 5
enemy 9200 400 3 15 5
enemy 9310 350 2 10 5
enemy 9350 425 3 5 5 
enemy 9370 245 2 5 5
enemy 9380 450 6 18 5
enemy 9450 200 2 16 5
enemy 9500 400 3 10 5
enemy 9600 311 2 10 5
enemy 9650 425 4 5 5
enemy 9724 450 3 8 5
enemy 9750 300 3 5 5
enemy 9809 400 2 5 5
enemy 9900 350 3 10 5
enemy 9950 425 2 5 5 
enemy 10100 450 4 8 5
enemy 10050 250 2 5 5
enemy 10100 400 3 5 5
enemy 10200 350 2 10 5
enemy 10250 425 2 6 5
enemy 10350 450 2 8 5
enemy 10550 300 2 15 5
enemy 10500 400 3 5 5
enemy 10570 350 2 10 5
enemy 10650 425 3 5 5 
enemy 10670 245 2 15 5
enemy 10880 450 6 8 5
enemy 10850 200 2 16 5
enemy 10900 400 3 5 5
enemy 11000 311 2 10 5
enemy 11050 425 4 5 5
enemy 11124 450 3 18 5
enemy 11150 300 3 5 5
enemy 11209 400 2 5 5
enemy 11200 350 3 10 5
enemy 11250 425 2 5 5 
enemy 11350 450 4 18 5
enemy 11450 250 2 5 5
enemy 11600 400 3 5 5
enemy 11640 350 2 10 5
enemy 11750 425 2 16 5
enemy 11900 400 3 5 5
enemy 12000 311 2 10 5
enemy 12050 425 4 5 5
enemy 12024 450 3 8 5
enemy 12150 300 3 5 5
enemy 12209 400 2 5 5
enemy 12200 350 3 10 5
enemy 12350 425 2 5 5 
enemy 12400 450 4 8 5
enemy 12450 250 2 10 5
enemy 12500 400 3 5 5
enemy 12540 350 2 10 5
enemy 12605 425 2 6 5
-----------------------------------
enemy 17100 450 2 8 5
enemy 17150 300 2 5 5
enemy 17200 400 3 5 5
enemy 17310 350 2 10 5
enemy 17350 425 3 5 5 
enemy 17370 245 2 5 5
enemy 17380 450 6 18 5
enemy 17450 200 2 6 5
enemy 17500 400 3 5 5
enemy 17600 311 2 10 5
enemy 17650 425 4 5 5
enemy 17724 450 3 8 5
enemy 17750 300 3 5 5
enemy 17809 400 2 5 5
enemy 17900 350 3 10 5
enemy 17950 425 2 5 5 
enemy 18100 450 4 8 5
enemy 18050 250 2 5 5
enemy 18100 400 3 5 5
enemy 18200 350 2 10 5
enemy 18250 425 2 6 5
enemy 18350 450 2 8 5
enemy 18550 300 2 15 5
enemy 18500 400 3 5 5
enemy 18570 350 2 10 5
enemy 18650 425 3 5 5 
enemy 18670 245 2 5 5
enemy 18880 450 6 8 5
enemy 18850 200 2 6 5
enemy 18900 400 3 5 5
enemy 19000 311 2 10 5
enemy 19050 425 4 5 5
enemy 19124 450 3 8 5
enemy 19150 300 3 15 5
enemy 19209 400 2 5 5
enemy 19200 350 3 10 5
enemy 19250 425 2 5 5 
enemy 19350 450 4 18 5
enemy 19450 250 2 5 5
enemy 19600 400 3 5 5
enemy 19640 350 2 10 5
enemy 19750 425 2 16 5
enemy 19900 400 3 5 5
enemy 20000 311 2 10 5
enemy 20050 425 4 5 5
enemy 20024 450 3 18 5
enemy 20150 300 3 5 5
enemy 20209 400 2 5 5
enemy 20200 350 3 10 5
enemy 20350 425 2 5 5 
enemy 20400 450 4 8 5
enemy 20450 250 2 5 5
enemy 20500 400 3 5 5
enemy 20540 350 2 10 5
enemy 20605 425 2 16 5

platform 8175 500 30 1800

arrow 8300 500 270 0
heart 8325 900 50 50
heart 8325 1050 50 50
heart 8325 1200 50 50
heart 8325 1350 50 50 
heart 8325 1500 50 50
heart 8325 1650 50 50
heart 8325 1800 50 50

platform 8500 500 30 1500

platform 8175 2300 500 30
powerBlock 8475 2150 50 50
heart 8200 2250 30 30
heart 8200 2200 30 30
heart 8250 2250 30 30
heart 8250 2200 30 30
heart 8300 2250 30 30
heart 8300 2200 30 30
invin 8350 2250 30 30
sword 8500 2200 25 65

platformLowest 8900 2500 1500 30
heart 9700 2300 50 50
heart 10000 2300 50 50
boss 9100 2435 4 10 100

platform 10500 2500 400 30
heart 10600 2400 30 30
heart 10650 2450 30 30
heart 10700 2400 30 30
 
platform 11000 2500 1700 30
heart 11500 2300 50 50
heart 12100 2300 50 50
boss 11400 2435 5 15 100

platform 12700 2500 150 30
wall 12700 1800 0 0
wall 12700 1100 0 0

platform 12850 2500 400 30
door 12950 2375 0 0 

